Cartella 1
[[-1, -1, -1, 40, 43, 53, 68, -1, 88], [1, 18, -1, 34, 47, 58, -1, -1, -1], [-1, -1, -1, 39, 48, -1, 62, 73, 83]]
Cartella 2
[[7, 17, 26, -1, 41, -1, 67, -1, -1], [-1, -1, -1, 37, -1, 59, 65, 71, 86], [-1, -1, 21, 31, -1, 54, -1, 76, 81]]
Cartella 3
[[2, -1, 27, 38, -1, -1, 63, 80, -1], [10, -1, 22, -1, -1, -1, 66, 74, 85], [-1, 11, 25, -1, 44, 57, -1, -1, 87]]
Cartella 4
[[-1, -1, 30, 36, -1, 60, 64, 79, -1], [-1, 14, 29, 32, -1, 55, -1, -1, 89], [-1, -1, 28, -1, 42, -1, 61, 78, 84]]
Cartella 5
[[5, -1, -1, 33, 46, -1, -1, 77, 82], [6, -1, 23, -1, 49, 56, 70, -1, -1], [4, 13, -1, -1, 50, 52, -1, -1, 90]]
