cartella 1 
 [[9, 5], [10, 13], [20, 26], [31, 33, 34], [44], [52, 59], [65, 61], [], [85]]
cartella 2 
 [[6], [16, 17], [24, 29, 27], [30, 36], [47, 40], [51], [68], [70], [86, 89]]
cartella 3 
 [[3, 1, 7], [], [25], [32, 38], [41], [], [66, 63, 64], [79, 71, 73], [87, 80]]
cartella 4 
 [[4, 2], [15, 14], [22], [], [42, 48], [57, 53], [], [74, 76, 72], [82, 84]]
cartella 5 
 [[8], [18], [23, 21], [35], [46, 43, 45], [50, 58], [62, 69], [77, 78], [88]]
cartella 6 
 [[], [11, 19, 12], [28], [39, 37], [49], [56, 55, 54], [60, 67], [75], [81, 83]]
good

